City,Lat,Lng,Max Temp,Humidity,Cloudiness,Wind Speed,Country,Date
busselton,-33.65,115.3333,64.08,74,67,11.3,AU,1655691864
cabedelo,-6.9811,-34.8339,75.87,84,23,9.28,BR,1655691865
mehamn,71.0357,27.8492,42.75,100,100,0,NO,1655691865
constitucion,-35.3333,-72.4167,51.3,68,100,3.89,CL,1655691865
rikitea,-23.1203,-134.9692,71.78,65,95,22.12,PF,1655691865
sao gabriel da cachoeira,-0.1303,-67.0892,75.15,85,100,1.83,BR,1655691866
mugur-aksy,50.35,90.5,56.17,40,8,3.85,RU,1655691866
nome,64.5011,-165.4064,57.29,57,0,18.41,US,1655691866
ancud,-41.8697,-73.8203,43.23,89,100,7.67,CL,1655691866
georgetown,5.4112,100.3354,84.25,78,20,4.61,MY,1655691664
tiarei,-17.5333,-149.3333,84.22,77,22,21.56,PF,1655691867
vaitupu,55.7435,-97.8558,77.16,57,100,6.91,CA,1655691868
thompson,60.3964,-1.353,48.42,92,51,11.07,GB,1655691868
brae,-53.15,-70.9167,35.71,80,0,17.27,CL,1655691868
punta arenas,-14.97,22.6814,55.27,57,0,4.88,ZM,1655691868
kalabo,-38.0023,-57.5575,44.76,89,75,0,AR,1655691868
mar del plata,60.9167,-46.05,44.82,98,100,3.11,GL,1655691869
narsaq,58.9564,126.2925,80.02,34,1,4.56,RU,1655691869
tommot,1.2391,23.616,68.99,95,100,0.94,CD,1655691869
basoko,-54.8,-68.3,31.66,93,100,3.44,AR,1655691869
ushuaia,40.4723,50.333,66.34,57,5,7.09,AZ,1655691870
artyom,-46.1927,168.8643,46.47,83,92,1.14,NZ,1655691870
mataura,38.4167,77.2406,68.74,48,98,3.87,CN,1655691870
shache,-19.0595,-169.9187,82.29,78,45,10.36,NU,1655691870
alofi,49.7502,-77.6328,50.11,81,0,0,CA,1655691870
matagami,45.3167,55.2,75.22,57,70,12.64,KZ,1655691871
beyneu,-33.9258,18.4232,55.63,72,0,13.8,ZA,1655691659
cape town,69.3833,178.4167,53.29,61,85,10.38,RU,1655691871
leningradskiy,47.6666,-52.7314,55.35,91,100,14.97,CA,1655691871
torbay,-8.9266,125.4092,68.85,48,89,3.09,TL,1655691872
airai,68.0531,39.5131,39.97,96,100,12.1,RU,1655691872
ostrovnoy,-2.6741,141.3028,85.19,64,35,5.64,PG,1655691872
vanimo,8.9936,-79.5197,79.23,88,20,3.44,PA,1655691873
panama city,-42.8794,147.3294,55.13,76,75,5.75,AU,1655691873
sentyabrskiy,50.6996,-127.4199,55.58,71,75,10.36,CA,1655691874
hobart,62.456,-114.3525,72.12,20,20,13.8,CA,1655691874
belushya guba,22.2855,114.1577,86.09,81,100,18.01,HK,1655691758
port hardy,38.5167,-28.7,63.66,72,34,22.41,PT,1655691874
yellowknife,69.7008,170.3133,46.96,62,59,10.78,RU,1655691875
victoria,-20.7333,139.5,74.97,25,100,9.22,AU,1655691875
ribeira grande,61.8364,6.8064,48.94,84,0,1.14,NO,1655691875
pevek,65.8167,87.9833,73.87,48,9,11.95,RU,1655691875
mount isa,40.5982,-124.1573,58.14,78,100,5.99,US,1655691876
olden,18.9048,-3.5265,90.99,32,7,6.67,ML,1655691877
saleaula,42.6001,-73.9662,57.49,54,3,8.01,US,1655691877
turukhansk,33.194,-82.5271,69.1,28,2,7.47,US,1655691877
fortuna,50.5167,-116.0354,62.37,61,34,2.3,CA,1655691877
taolanaro,-46.6,168.3333,46.8,71,97,5.57,NZ,1655691878
araouane,1.6833,101.45,72.37,99,100,3.78,ID,1655691878
albany,-0.6,73.0833,82.92,71,86,9.66,MV,1655691878
avera,-21.2,-175.2,80.76,89,40,17.27,TO,1655691878
invermere,60.7161,-135.0538,64.29,29,40,13.8,CA,1655691878
bluff,-28.7667,114.6,63.01,82,0,6.91,AU,1655691829
dumai,-33.5906,26.891,57.49,75,93,5.44,ZA,1655691879
hithadhoo,22.2,85.3833,80.65,72,100,6.55,IN,1655691879
vaini,4.8256,8.2343,74.98,93,100,3.13,NG,1655691879
whitehorse,57.79,-152.4072,51.31,82,100,8.05,US,1655691879
geraldton,-20.4081,57.7,66.49,88,40,3.44,MU,1655691880
port alfred,-15.1961,12.1522,58.82,85,0,5.84,AO,1655691880
gua,27.9924,-15.4192,70.02,73,75,17.27,ES,1655691880
oron,62.2266,-6.589,49.12,95,100,14.61,FO,1655691880
kodiak,63.4427,-20.2734,49.37,95,100,16.4,IS,1655691881
mahebourg,9.4942,50.8122,78.13,66,55,27.98,SO,1655691881
namibe,-11.3847,43.2844,77.13,70,3,5.93,KM,1655691881
telde,45.0205,-93.218,88.12,57,0,9.22,US,1655691881
klaksvik,20.5022,-10.0711,85.14,45,90,6.22,MR,1655691882
vestmannaeyjar,64.5635,39.8302,50.11,90,96,7.52,RU,1655691882
bandarbeyla,59.7035,30.7861,51.58,77,16,8.01,RU,1655691882
mitsamiouli,63.8424,-22.4338,48.67,100,100,13.8,IS,1655691882
saint anthony,34.6391,-120.4579,61.41,68,0,38.01,US,1655691882
adrar,71.6872,128.8694,35.65,70,98,15.99,RU,1655691883
severodvinsk,47.1053,-104.7125,67.62,72,100,20.71,US,1655691883
nikolskoye,28.5004,-13.8627,71.35,78,100,13.8,ES,1655691883
grindavik,29.0361,114.5636,78.03,94,100,1.43,CN,1655691884
lompoc,56.0045,8.1294,51.1,79,87,4.79,DK,1655691884
tiksi,-11.3649,29.5565,54.34,69,60,6.42,ZM,1655691884
glendive,35.7333,140.8333,84.6,81,100,8.99,JP,1655691884
puerto del rosario,10.9995,122.6711,85.71,69,100,1.95,PH,1655691885
yining,50.2834,-107.8014,61.61,100,100,6.91,CA,1655691885
hvide sande,64.2539,-15.2082,53.06,84,100,9.69,IS,1655691885
samfya,-46.1333,167.6833,49.96,68,7,5.37,NZ,1655691885
hasaki,69.4541,-133.0374,35.6,93,40,12.66,CA,1655691885
dingle,43.6125,122.2653,83.39,49,61,21.36,CN,1655691637
swift current,22.0752,-159.319,78.53,80,75,11.5,US,1655691886
hofn,51.226,-58.6502,48.47,97,100,10.74,CA,1655691886
tuatapere,-21.3585,55.7679,63.99,78,67,14.63,RE,1655691886
tuktoyaktuk,33.072,-16.3415,66.58,72,40,14.97,PT,1655691887
tongliao,46.5333,-87.6335,58.42,77,90,9.53,US,1655691887
kapaa,71.9167,114.0833,47.79,47,14,4.83,RU,1655691887
saint-augustin,70.9963,24.6622,43.03,83,12,4.47,NO,1655691888
saint-philippe,60.3725,93.0408,58.15,88,100,6.78,RU,1655691888
porto santo,30.523,-87.9033,82.96,56,20,4.61,US,1655691888
marquette,65.6145,-37.6368,42.96,70,68,5.88,GL,1655691889
lolua,71.9667,102.5,52.14,44,100,7.34,RU,1655691889
saskylakh,40.2833,97.2,74.21,28,100,13.42,CN,165561889
umm jarr,-24.8667,113.6333,67.1,66,0,16.31,AU,1655691889
havoysund,48.6499,-53.1147,50.72,94,99,16.93,CA,1655691890
severo-yeniseyskiy,-21.2078,-159.775,80.65,69,75,14.97,CK,1655691890
fairhope,38.4193,-82.4452,60.53,83,100,3.31,US,1655691614
tasiilaq,65.7,82.4667,67.33,35,17,4.59,RU,1655691890
khatanga,-25.2406,130.9889,69.93,27,0,8.63,AU,1655691844
yumen,72.7868,-56.1549,33.37,89,23,12.77,GL,1655691891
carnarvon,4.423,-7.3528,76.96,80,85,6.85,CI,1655691892
bonavista,3.0707,172.7902,83.1,72,100,15.03,KI,1655691892
avarua,33.8889,35.4944,72.34,73,75,4.61,LB,1655691892
huntington,32.0455,48.8567,93.13,14,0,5.7,IR,1655691892
krasnoselkup,50.7214,136.6319,58.26,83,100,4.68,RU,1655691893
yulara,57.0531,-135.33,53.49,76,100,12.66,US,1655691893
jujuy,15.85,-97.0667,79.54,85,100,1.99,MX,1655691893
upernavik,-20.3428,57.7575,66.45,88,40,3.44,MU,1655691893
tabou,17.0151,54.0924,84.29,94,75,8.05,OM,1655691894
butaritari,4.9247,6.2642,74.08,93,100,3.09,NG,1655691894
beirut,-21.55,167.8833,72.64,59,0,16.26,NC,1655691895
shushtar,-42.7826,147.0587,51.66,81,93,5.39,AU,1655691895
solnechnyy,0.8,127.4,82.78,72,100,6.38,ID,1655691895
sitka,25.5198,90.2201,75.7,95,100,4.61,IN,1655691896
puerto escondido,-22.9661,-42.0278,68.81,73,32,9.17,BR,1655691896
bambous virieux,6.3711,126.1689,83.28,72,43,5.55,PH,1655691896
mys shmidta,63.7506,-68.5145,45.7,52,75,15.01,CA,1655691897
illoqqortoormiut,70.6333,147.9167,38.25,83,100,20.22,RU,1655691897
salalah,69.4865,88.3972,69.21,32,100,7.96,RU,1655691897
yenagoa,23.1167,83.2,77.83,70,100,5.55,IN,1655691898
tadine,42.097,-79.2353,58.66,62,0,4.61,US,1655691898
new norfolk,39.05,-27.9833,62.31,75,45,21.03,PT,1655691898
ternate,-6.2167,155.6333,84.72,61,0,4.14,PG,1655691899
tura,69.3,139.9,41.09,60,90,19.77,RU,1655691899
amderma,6.6221,73.07,82.56,73,99,12.68,MV,1655691899
arraial do cabo,71.2906,-156.7887,48.22,81,100,11.5,US,1655691900
barentsburg,17.8815,-76.4093,82.02,86,100,8.79,JM,1655691900
pundaguitan,-9.8,-139.0333,77.74,78,36,17,PF,1655691901
iqaluit,-3.8004,102.2655,78.48,83,93,6.13,ID,1655691779
chokurdakh,28.8947,64.4101,83.19,17,4,2.71,PK,1655691902
talnakh,50.6789,156.125,49.59,91,99,2.06,RU,1655691902
ambikapur,-2.8731,-67.8022,74.41,70,56,0.81,BR,1655691902
jamestown,50.5834,-111.8851,62.58,82,98,5.75,CA,1655691902
lagoa,48.0056,91.6419,67.55,25,100,0.65,MN,1655691903
kieta,39.8403,-88.9548,71.35,56,0,6.91,US,1655691810
paradwip,11.6667,92.75,84.24,79,40,4.61,IN,1655691903
deputatskiy,78.2186,15.6401,39.04,60,75,11.5,SJ,1655691903
kulhudhuffushi,65.282,-126.8329,75.24,41,75,19.57,CA,1655691904
barrow,43.5167,-8.1528,55.65,90,100,5.23,ES,1655691904
morant bay,60.4167,134.5333,77.5,42,14,3.69,RU,1655691904
riaba,52.3333,5.6167,55.36,91,96,4.07,NL,1655691904
gurgan,64.8945,-23.7142,48.09,97,100,11.18,IS,1655691905
atuona,4.4148,114.0089,78.94,94,40,5.75,MY,1655691872
bengkulu,-37.6167,-73.65,51.21,94,100,11.16,CL,1655691906
dalbandin,46.6333,27.0333,60.67,77,0,9.22,RO,1655691907
severo-kurilsk,-0.7393,-90.3518,70.56,96,93,3,EC,1655691907
tonantins,63.8986,122.7617,52.27,51,100,13.82,RU,1655691907
brooks,53.6039,91.3903,66.85,67,0,2.24,RU,1655691907
formoso do araguaia,4.1363,96.1285,79.5,79,90,2.62,ID,1655691908
hovd,-11.0964,-77.6139,62.13,82,6,12.71,PE,1655691908
decatur,63.0128,112.4714,49.6,57,100,9.89,RU,1655691908
port blair,12.35,29.25,77.09,57,99,8.63,SD,1655691909
longyearbyen,-33.0117,17.9442,53.47,75,3,13.09,ZA,1655691909
norman wells,30.2169,-90.9001,84.87,72,0,0,US,1655691909
sunamganj,19.7297,-155.09,78.82,72,100,11.5,US,1655691909
naron,-34.4187,19.2345,51.78,84,0,11.41,ZA,1655691909
ust-maya,-38.2667,141.9667,52.12,80,100,22.39,AU,1655691910
harderwijk,32.3502,-85.1999,79.72,47,0,0,US,1655691910
olafsvik,7.2596,-8.155,69.46,92,34,1.63,CI,1655691910
gangotri,48.1497,38.5762,61.38,74,0,2.39,UA,1655691911
attawapiskat,21.3469,-158.0858,82.69,55,0,17.27,US,1655691911
miri,-34.5322,20.0403,48.15,86,0,2.71,ZA,1655691911
tsihombe,-29.9533,-71.3436,51.53,87,75,4.61,CL,1655691911
lebu,-24.7911,-50.0119,49.6,93,74,0.72,BR,1655691808
traian,-46.2817,169.8464,47.28,83,100,1.74,NZ,1655691912
puerto ayora,70.3705,31.1107,42.78,93,100,4.61,NO,1655691912
tumannyy,-0.95,-80.7333,74.98,78,75,6.91,EC,1655691913
kysyl-syr,10.6167,104.1833,89.65,72,100,4.72,KH,1655691913
belyy yar,8.0086,-62.3989,73.18,93,12,5.73,VE,1655691914
kamenskoye,-13.2,49.05,67.12,85,8,3.87,MG,1655691914
meulaboh,62.5903,40.6066,48.96,99,100,6.24,RU,1655691914
hualmay,70.4692,-68.5914,32.23,93,100,23.02,CA,1655691915
chernyshevskiy,20.7,-105.2,79.83,89,75,1.01,MX,1655691915
abu zabad,24.3448,124.1572,87.93,84,40,14.97,JP,1655691620
saldanha,60.4667,166.1,46.26,89,100,2.3,RU,1655691915
ascension,-16.4975,27.6069,51.58,57,5,1.88,ZM,1655691915
hilo,18.4167,-95.1167,70.88,95,72,3.69,MX,1655691916
hermanus,49.6334,-105.9845,64.22,77,99,4.61,CA,1655691916
codrington,-10.1522,-67.7392,69.55,80,57,1.68,BR,1655691916
russell,48.4833,124.8333,69.82,67,100,13.42,CN,1655691916
danane,44.5086,50.263,74.19,67,0,7.63,KZ,1655691916
rozsypne,36.6177,-121.9166,59.94,75,0,9.22,US,1655691917
makakilo city,42.2506,-75.833,50.02,82,3,3.62,US,1655691917
bredasdorp,4.25,103.4167,85.95,70,100,2.95,MY,1655691740
coquimbo,18.8003,110.3967,87.06,72,100,13.89,CN,1655691917
castro,77.484,-69.3632,34.56,86,52,4.38,GL,1655691917
kaitangata,55.1001,-105.2842,68.25,60,75,5.75,CA,1655691918
vardo,18.425,-65.8329,80.6,78,40,11.5,PR,1655691918
kegayli,34.7333,-120.0343,66.52,48,0,11.5,US,1655691918
manta,-33.6971,-53.4616,44.44,75,6,5.99,UY,1655691919
kampot,5.7833,36.5667,61.52,89,95,1.59,ET,1655691919
upata,27.9769,-114.0611,66.11,69,0,19.86,MX,1655691919
ambilobe,62.7161,129.6658,79.39,34,70,6.4,RU,1655691919
puksoozero,52.5249,111.5418,70.09,38,14,11.9,RU,1655691920
clyde river,30.7554,20.2263,73.63,54,0,3,LY,1655691920
ixtapa,-24.4167,150.5,71.47,48,47,8.9,AU,1655691777
ishigaki,4.8845,-1.7554,75.78,91,97,5.28,GH,1655691920
tilichiki,11.035,119.7136,85.06,66,98,5.46,PH,1655691921
gwembe,14.9215,-23.5087,75.74,94,100,8.05,CV,1655691921
catemaco,51.2585,-80.6094,55.38,62,0,3.44,CA,1655691922
assiniboia,42.8,93.45,85.62,15,100,6.82,CN,1655691922
senador guiomard,50.2202,24.8483,61.34,73,0,8.34,UA,1655691923
nehe,37.1041,-113.5841,82.53,8,0,9.22,US,1655691924
fort-shevchenko,-0.9492,100.3543,80.65,87,100,5.93,ID,1655691698
pacific grove,41.7597,86.1469,81.95,19,100,6.71,CN,1655691924
broome,-4.5772,-81.2719,64.47,87,34,18.39,PE,1655691924
cukai,67.4667,78.7,64.36,44,68,13.89,RU,1655691924
wanning,2.7809,45.5005,72.75,89,40,9.31,SO,1655691925
qaanaaq,-22.116,14.2845,53.46,88,2,4.61,NA,1655691925
la ronge,73.5069,80.5464,36.68,91,100,12.06,RU,1655691925
vieques,56.8602,68.6375,65.12,91,90,7.9,RU,1655691925
bolungarvik,3.1191,35.5973,77.05,62,94,5.21,KE,1655691925
santa barbara,28.017,-97.5169,82.72,70,4,11.3,US,1655691926
chuy,59.6304,39.736,46.36,95,10,7.83,RU,1655691926
bako,-23.943,31.1411,63.68,80,37,12.17,ZA,1655691926
marcona,8.0833,77.5667,80.37,78,100,15.79,IN,1655691926
guerrero negro,66.1451,-65.7125,37.67,75,69,3.42,CA,1655691927
namtsy,10.3999,5.4695,74.88,85,100,0.94,NG,1655691927
sosnovo-ozerskoye,-18.65,-173.9833,83.08,78,75,8.05,TO,165569927
ajdabiya,-13.7833,14.6833,50.97,56,46,5.93,AO,1655691927
biloela,46.6166,10.7002,59.36,91,6,2.62,IT,1655691928
takoradi,22.5667,59.5289,85.8,66,0,8.03,OM,1655691928
ozgon,60.7415,47.5862,52.68,98,100,2.66,RU,1655691928
casian,29.9697,40.2064,85.57,20,0,7.11,SA,1655691928
praia,35.0167,25.6833,73.13,54,0,11.01,GR,1655691929
moose factory,64.1835,-51.7216,45.21,93,100,3.44,GL,1655691929
hami,-13.7,-76.2167,60.85,88,100,3.44,PE,1655691929
viligili,-35.35,150.4667,59.9,60,100,1.3,AU,1655691929
lopatyn,27.05,-101.6,91.24,32,18,19.28,MX,1655691929
nizhneyansk,-12.1167,-77.05,58.59,88,100,12.66,PE,1655691930
saint george,14.5452,-60.8388,80.65,78,40,9.22,MQ,1655691930
padang,27.0998,-82.4543,77.02,85,100,5.75,US,1655691930
korla,29.2947,117.2079,74.66,99,100,2.39,CN,1655691930
talara,32.0954,-96.4689,82.51,65,0,5.75,US,1655691931
tazovskiy,-4.0625,144.0661,90.34,55,21,1.05,PG,1655691931
jawhar,13.2167,-59.5167,81.21,74,20,18.41,BB,1655691931
henties bay,-1.0333,-79.45,75.87,80,77,2.57,EC,1655691931
dikson,35.1333,140.3,75.02,86,100,19.8,JP,1655691931
aromashevo,24.4833,93.9833,72.61,91,95,2.42,IN,1655691932
lodwar,-29.6641,22.7474,50.29,64,100,4.94,ZA,1655691932
san patricio,54.8319,-7.4836,44.37,97,7,3.36,IE,1655691932
ustye,-34.6534,-58.6198,49.12,61,100,2.55,AR,1655691932
phalaborwa,64.8378,-147.7164,68.88,50,20,1.01,US,1655691932
grand river south east,21.8667,73.5,84.88,71,78,13.96,IN,1655691933
kanniyakumari,14.8961,-24.4956,73.72,95,100,10.33,CV,1655691934
pangnirtung,36.6864,52.5225,75.42,83,0,0,IR,1655691934
kontagora,7.7669,-72.225,68.18,97,31,1.9,VE,1655691934
neiafu,-34.6833,150.8667,63.23,77,100,1.01,AU,1655691905
caluquembe,-26.6481,15.1594,54.03,86,0,11.41,NA,1655691935
lasa,25.7167,-79.3,83.82,68,69,9.73,BS,1655691935
sur,24.8,125.2833,86.27,79,75,18.41,JP,1655691878
lalsk,-0.1567,-50.3867,74.28,93,18,5.14,BR,1655691935
sakakah,-1.5746,9.2618,71.28,90,49,8.99,GA,1655691935
gra liyia,48.5425,-2.7798,59.31,95,100,7,FR,1655691936
nuuk,70.9821,25.9704,42.55,81,100,2.3,NO,1655691936
pisco,5.9749,116.0724,82.38,78,20,2.3,MY,1655691666
ulladulla,-33.918,25.5701,52.32,91,0,5.75,ZA,1655691937
nadadores,52.0333,80.3833,67.37,63,1,5.37,RU,1655691937
san isidro,25.5,-76.65,83.21,71,95,5.01,BS,1655691937
le vauclin,20.8947,-156.47,86.02,48,0,19.57,US,1655691938
venice,5.4802,-53.2011,77.58,84,100,5.41,GF,1655691938
jingdezhen,27.1467,57.0801,84.52,74,0,0,IR,1655691938
corsicana,28.963,-13.5477,69.78,78,75,13.8,ES,1655691938
angoram,32.296,-81.2354,73.45,76,0,6.91,US,1655691938
bathsheba,13.2833,-61.25,78.53,75,100,16.33,VC,1655691939
quevedo,50.4111,80.2275,68.22,68,0,2.24,KZ,1655691939
katsuura,16.6362,1.637,91.72,27,79,4.25,ML,1655691939
kakching,19.2466,-71.9557,71.53,88,56,4.5,HT,1655691939
prieska,-21.15,149.2,68.95,76,100,12.59,AU,1655691940
lifford,61.9875,5.1352,46.87,90,0,9.51,NO,1655691940
moron,20.5169,-13.0499,79.38,69,98,4.52,MR,1655691940
fairbanks,62.1564,-7.1664,47.32,100,100,1.14,FO,1655691940
rajpipla,0.7,108.9,83.14,74,14,3.87,ID,1655691941
sapao,51.1,66.3167,70.65,60,100,13.22,KZ,1655691941
sao filipe,45.3246,-118.0877,58.59,58,99,4.65,US,1655691941
fereydun kenar,-13.1256,38.9997,56.01,88,5,4.79,MZ,1655691941
san cristobal,32.6667,-17.1,67.03,74,92,8.81,PT,1655691941
kiama,44.6453,-63.5724,53.82,93,100,5.99,CA,1655691942
luderitz,53.4106,-2.9779,50.72,85,11,4,GB,1655691942
alice town,-33.0393,-71.6273,52.48,78,0,2.3,CL,1655691942
hirara,36.8648,70.8342,59.88,71,88,4.83,AF,1655691943
afua,7.5264,-12.505,77.2,75,6,5.14,SL,1655691943
omboue,33.5928,-7.6192,72.91,69,50,8.99,MA,1655691943
plerin,-33.0153,27.9116,61.83,61,100,5.44,ZA,1655691942
honningsvag,25.0213,37.2685,83.64,57,5,8.14,SA,1655691944
kota kinabalu,50.75,86.15,57.54,86,100,3.71,RU,1655691944
port elizabeth,-25.1667,45.05,59.43,93,0,6.93,MG,1655691945
tome-acu,64.8569,-147.8028,68.58,51,75,1.99,US,1655691945
volchikha,59.7,150.1667,59.02,83,99,6.26,RU,1655691945
dunmore town,53.9345,35.1099,63.14,96,100,10.22,RU,1655691946
kahului,-22.6667,167.4833,71.02,57,16,18.43,NC,1655691946
iracoubo,37.5333,121.4,81.01,66,0,4.47,CN,1655691946
minab,42.3256,-83.331,67.6,56,100,5.75,US,1655691946
arrecife,-43.3002,-65.1023,41.13,66,1,10.31,AR,1655691946
rincon,-10.6167,150.6667,81,81,76,15.75,PG,1655691947
chateaubelair,-34.0527,23.3716,51.85,73,31,4.79,ZA,1655691947
semey,-24.5094,-48.8425,53.1,87,92,1.01,BR,1655691947
gao,-3.6667,152.4333,84.97,65,11,3.36,PG,1655691947
ananas,-9.4431,147.1797,89.02,62,40,17.27,PG,1655691948
mackay,24.7167,80.2,81.1,64,18,9.01,IN,1655691948
raudeberg,-37.8333,140.7667,51.71,93,100,18.41,AU,1655691948
atar,61.9353,5.1136,47.73,90,0,9.19,NO,1655691948
vestmanna,-20.0064,57.6608,66.38,76,0,1.99,MU,1655691948
sungairaya,50.6336,-96.9907,77.02,78,2,2.3,CA,1655691949
derzhavinsk,2.8197,-60.6733,76.98,88,100,11.5,BR,1655691949
la grande,11.2842,49.1816,91.33,37,67,16.26,SO,1655691949
montepuez,61.2767,108.0108,53.47,67,100,13.22,RU,1655691949
ponta do sol,26.8865,88.0718,66.36,88,98,3.29,NP,1655691949
halifax,40.6653,15.1059,62.42,79,0,1.01,IT,1655691950
liverpool,60.0973,19.9348,53.46,82,75,3.44,AX,1655691950
valparaiso,45.0333,35.1,60.71,73,46,3.49,UA,1655691950
barbar,49.1817,-97.941,93.09,43,0,9.22,CA,1655691950
jurm,-35.1,173.7833,55.33,94,100,16.04,NZ,1655691951
bonthe,38.421,-121.4238,83.14,28,0,8.05,US,1655691951
casablanca,43.7501,-81.7165,59.31,58,100,4.61,CA,1655691951
east london,-16.4833,-151.75,79.47,75,31,19.13,PF,1655691951
umm lajj,11.2833,-15.8333,80.29,76,100,18.79,GW,1655691952
onguday,-13.5432,23.1047,53.31,58,10,3.78,ZM,1655691952
ust-kamchatsk,-20.7377,116.8463,75.38,40,0,19.13,AU,1655691952
beloha,52.4201,136.4853,66.85,65,47,3.27,RU,1655691952
college,46.4856,135.8833,63.01,74,63,4.5,RU,1655691953
arman,-33.8667,121.9,55.35,82,96,11.83,AU,165569195
duminichi,47.3335,-79.433,50.52,63,25,1.16,CA,1655691953
vao,3.8653,-67.9239,71.38,99,100,2.04,CO,1655691953
yantai,53.0452,158.6483,68.59,56,20,11.18,RU,1655691954
garden city,48.9329,-125.5528,56.08,83,100,1.01,CA,1655691954
rawson,36.3209,41.8754,81.52,24,0,9.24,IQ,1655691954
samarai,-4.1967,152.1721,82.22,70,4,5.26,PG,1655691954
plettenberg bay,-20.3297,-40.2925,67.95,95,100,3.44,BR,1655691954
apiai,-32.7167,152.15,65.41,72,100,1.99,AU,1655691955
namatanai,5.5577,95.3222,82.44,69,96,3.11,ID,1655691955
port moresby,65.5833,-171,56.48,49,24,15.79,RU,1655691956
panna,54.7682,-101.865,62.91,89,100,2.93,CA,1655691956
mount gambier,28.7167,-111.5833,87.44,56,3,9.42,MX,1655691956
maloy,-19.5667,18.1167,53.17,47,33,3.44,NA,1655691956
grand gaube,29.6486,-81.6376,81.27,75,22,5.64,US,1655691957
gimli,-16.7833,-151.5,79.48,76,18,20.74,PF,1655691957
boa vista,65.4167,-52.9,41.05,86,100,2.8,GL,1655691957
bosaso,7.0167,39.9833,47.35,91,20,5.23,ET,1655691957
yerbogachen,63.05,179.3167,46.74,85,100,12.64,RU,1655691958
birin,21.3906,-158.1547,84.27,53,0,16.11,US,1655691958
campagna,52.9599,4.7593,54.52,79,75,7,NL,1655691750
maarianhamina,54.4333,-124.25,70.09,32,18,6.85,CA,1655691958
staryy krym,40.5247,68.0358,74.21,52,100,3.8,UZ,1655691959
winkler,-8.0089,-34.8553,74.93,94,40,8.05,BR,1655691959
kaeo,41.3712,-73.414,58.32,58,40,3.44,US,1655691959
laguna,9.5046,35.5019,57.06,99,100,4.29,ET,1655691959
goderich,23.6333,86.1667,87.08,53,100,12.12,IN,1655691959
faanui,69.2167,-51.1,37.42,87,9,8.05,GL,1655691960
bubaque,-21.2833,25.3667,55.67,48,0,7.99,BW,1655691960
zambezi,66.7697,123.3711,47.16,56,43,25.99,RU,1655691960
khonuu,56.9514,90.6661,64.62,68,22,3.44,RU,1655691960
karratha,-2.0428,-45.9592,71.58,99,30,3.2,BR,1655691961
imeni poliny osipenko,-9.2368,-35.4901,74.75,95,17,1.19,BR,1655691961
vostok,-2.0226,147.2712,82.94,72,35,5.21,PG,1655691961
esperance,60.1432,-45.2371,39.27,98,100,2.93,GL,1655691962
ville-marie,-19.9309,-60.7718,75.52,53,96,3.47,PY,1655691962
inirida,-8.8368,13.2343,69.8,83,75,6.91,AO,1655691962
crab hill,-19.9842,57.6142,66.47,76,0,1.99,MU,1655691962
petropavlovsk-kamchatskiy,31.6315,-8.0083,71.67,60,0,5.75,MA,1655691962
ucluelet,54.5083,52.1326,55.87,91,100,12.95,RU,1655691963
sinjar,-1.6,103.6167,76.01,94,97,3.09,ID,1655691900
rabaul,-30.1391,-51.2244,43.25,100,0,0,BR,1655691963
vila velha,41.1231,80.2644,72.82,31,100,3.69,CN,1655691963
nelson bay,61.95,159.2333,48.2,82,99,9.22,RU,1655691964
banda aceh,37.5683,126.9778,78.26,69,75,3.44,KR,1655691852
lavrentiya,10.0667,34.5333,58.15,97,100,3.87,ET,1655691964
flin flon,-28.783,32.0377,64.71,79,89,4.54,ZA,1655691964
providencia,-3.7481,-73.2472,73.44,100,0,0,PE,1655691964
grootfontein,17.9716,-66.908,78.8,82,37,6.82,PR,1655691965
palatka,3.3803,-59.7968,75.02,90,100,7.09,GY,1655691965
tevaitoa,43.2128,-75.4557,52.38,81,0,6.31,US,1655691966
maniitsoq,26.6541,86.2087,85.37,67,20,5.14,NP,1655691966
goba,45.2924,14.6541,58.3,72,0,3.44,HR,1655691966
beringovskiy,41.3114,-105.5911,63.73,53,20,10.36,US,1655691967
nanakuli,61.4732,-6.8119,48.33,95,100,20.11,FO,1655691967
den helder,-0.9516,122.7875,82.26,72,99,3.53,ID,1655691967
fort saint james,52.2667,79.1667,67.55,64,0,5.88,RU,1655691967
dustlik,67.45,153.6833,55.26,77,100,13.98,RU,165569196
olinda,26.326,43.975,90.05,12,5,9.44,SA,1655691968
bethel,-23.865,35.3833,66.02,79,4,3.09,MZ,1655691968
nedjo,31.9744,74.2244,87.04,41,99,6.22,PK,1655691968
chas,-3.45,104.25,79.61,80,65,3.67,ID,1655691968
ilulissat,68.75,161.3,65.32,36,100,16.53,RU,1655691969
orapa,36.9559,36.2,70.97,87,40,1.63,TR,1655691969
zhigansk,43.5196,-114.3153,50.61,70,75,18.99,US,1655691969
novobirilyussy,50.5667,123.7167,60.04,95,100,8.32,CN,1655691969
maracacume,66.8333,70.8333,66.22,69,100,8.46,RU,1655691969
mullaitivu,34.4166,-79.3712,64.83,37,96,5.14,US,165569197
passo de camaragibe,22.8909,-109.9124,83.14,76,20,6.91,MX,1655691970
lorengau,61.994,-49.6678,39.74,97,100,23.69,GL,1655691970
nanortalik,35.4182,24.6909,69.15,65,0,5.82,GR,1655691971
mayor pablo lagerenza,54.7169,-113.2854,66.61,71,39,4.27,CA,1655691971
luanda,16.0202,-61.7463,76.5,76,99,13.27,GP,1655691971
cap malheureux,16.8634,-99.8901,82.22,83,100,5.75,MX,1655691971
marrakesh,39.1834,-84.5333,65.57,60,0,4.61,US,1655691971
shugurovo,68.5333,146.4167,54.95,47,47,22.1,RU,1655691740
jambi,7.9986,124.2928,80.69,66,71,1.52,PH,1655691972
ipanema,1.1667,108.9667,81.99,75,9,3.85,ID,1655691972
aksu,-32.8337,-70.5983,49.01,37,100,0.98,CL,1655691972
evensk,-8.145,159.5921,83.59,72,70,5.46,SB,1655691972
seoul,0.5738,12.8642,67.37,98,94,2.53,GA,1655691973
asosa,-34.4833,-54.3333,44.4,65,28,5.41,UY,1655691973
richards bay,-30.1811,-50.2056,52.21,83,0,4.81,BR,1655691973
iquitos,32.0231,34.7503,70.29,81,40,3.44,IL,1655691973
rungata,-17.8,-63.1667,67.46,83,0,6.91,BO,1655691974
guanica,-21.4803,-56.1381,61.54,87,0,4.83,BR,1655691974
lethem,-45.8742,170.5036,47.8,74,88,3,NZ,1655691969
roma,-35.5667,138.6167,60.01,78,100,3,AU,1655691975
siraha,60.3778,92.6267,63.55,81,100,6.49,RU,1655691975
zlobin,40.8021,-124.1637,59.74,75,2,8.99,US,1655691975
laramie,34.8791,-76.9013,65.75,70,93,3.02,US,1655691976
zhanatas,52.6083,1.7305,52.29,81,75,13.89,GB,1655691976
vagur,29.5958,-90.7195,84.04,77,0,1.01,US,1655691977
luwuk,44.0167,87.3167,83.19,23,0,2.24,CN,1655691977
klyuchi,64.3833,-173.3,41.11,93,40,11.18,RU,1655691977
srednekolymsk,37.8,-25.5833,62.28,78,40,17.27,PT,1655691977
buraydah,68.8193,-51.1922,37.65,87,11,4.47,GL,1655691978
inhambane,-35.1667,173.1667,55.36,80,100,13.56,NZ,1655691978
kamoke,43.6475,111.9767,73.71,35,76,17.67,CN,1655691978
prabumulih,6.2,10.6667,58.03,96,100,3.4,CM,1655691978
cherskiy,-41.0667,145.9167,57.94,82,96,17.49,AU,1655691978
erzin,33.4425,129.9697,78.3,92,100,3.53,JP,1655691801
hailey,-6.1761,143.6513,64.18,84,73,3.89,PG,1655691979
alihe,52.331,35.3711,63.28,85,5,13.27,RU,1655691979
yar-sale,-0.7818,29.7544,58.87,97,95,2.21,UG,1655691979
dillon,39.447,-86.1758,67.14,63,5,6.02,US,1655691980
cabo san lucas,54.6425,-3.5441,51.82,81,0,7.72,GB,1655691980
paamiut,-0.2167,20.8667,68.81,98,97,1.77,CD,1655691981
panormos,59.1986,17.8332,49.66,87,75,4.61,SE,1655691981
athabasca,35.5,134.2333,78.87,73,75,6.91,JP,1655691970
baillif,45.6333,85.1833,83.46,25,67,6.33,CN,1655691981
acapulco,34.9833,139.8667,73.6,91,100,21.9,JP,1655691982
hamilton,-20.9373,55.2919,66.11,59,20,5.57,RE,1655691982
belaya gora,59.5833,151.2833,59.14,89,100,5.1,RU,1655691982
marawi,-9.8607,124.284,76.64,45,11,7.4,ID,1655691983
pemangkat,-17.7333,-149.15,78.21,75,41,19.28,PF,1655691983
los andes,-5.1989,-35.4608,74.79,85,44,9.62,BR,1655691983
buala,59.3303,57.2641,60.17,83,89,4.41,RU,1655691984
makokou,14.0833,98.2,83.16,74,75,1.88,MM,1655691984
rocha,24.6877,46.7219,87.94,9,2,2.64,SA,1655691984
cidreira,12.485,-16.5469,75.38,82,100,11.18,SN,1655691985
bat yam,16.85,73.55,78.58,83,98,4.65,IN,1655691985
santa cruz,-23.7781,-45.3581,65.71,89,64,7.61,BR,165569185
jardim,62.1535,45.1175,50.45,98,100,4.21,RU,1655691985
dunedin,-15.5333,167.1667,81.59,71,29,5.46,VU,1655691986
kuche,38.9342,100.4517,61.79,85,100,5.28,CN,1655691987
victor harbor,-32.035,-52.0986,49.12,73,1,4.72,BR,1655691820
teya,44.5263,-109.0565,54.61,85,100,10.36,US,1655691987
eureka,39.7684,-86.1555,67.98,55,20,5.75,US,1655691987
louisbourg,48.1681,27.305,60.66,59,0,6.98,MD,1655691988
havelock,22.7,78.2,80.94,74,13,6.55,IN,1655691989
great yarmouth,33.7681,120.2517,82.49,68,97,10.42,CN,1655691989
houma,-3.4167,114.85,86.09,70,20,6.91,ID,1655691989
changji,18.3851,42.4509,70.32,44,100,3.4,SA,1655691989
provideniya,54.3161,-130.3201,55.29,76,100,5.75,CA,1655691990
rabo de peixe,-14.8796,47.9875,74.79,60,88,11.1,MG,1655691990
qasigiannguit,49.9811,92.0667,64.76,50,2,4.32,MN,1655691990
ahipara,18.7369,7.3853,89.73,25,6,5.57,NE,1655691991
erenhot,66.0449,-17.3389,48.74,97,100,1.54,IS,1655691991
kumbo,42.2068,-121.7372,60.82,45,0,16.11,US,1655691991
burnie,58.8053,-122.7002,76.59,29,40,3.44,CA,1655691991
karatsu,13.4667,22.2,80.69,41,49,4.61,TD,1655691992
mendi,-21.6403,-41.0511,69.33,72,96,4.79,BR,1655691992
zheleznogorsk,-23.76,-45.4097,65.01,91,70,6.69,BR,1655691992
katete,60.34,102.2797,61.2,54,98,9.93,RU,1655691992
gulshat,14.4,46.4667,78.4,51,99,6.73,YE,1655691992
bud,31.2156,29.9553,73.6,76,0,9.06,EG,1655691993
workington,5.3505,48.5268,77.58,83,24,23.38,SO,1655691993
boende,-9.0122,-35.2225,74.59,88,43,4.54,BR,1655691993
tumba,45.9793,-81.9248,59.05,72,100,1.45,CA,1655691993
tottori,4.3612,18.555,75.38,94,91,0,CF,1655691718
baijiantan,29.9227,56.5743,71.47,18,8,2.06,IR,1655691994
tateyama,54.6,-7.3,43.34,98,25,3.62,GB,1655691994
le port,32.4487,-99.7331,90.48,28,0,11.5,US,1655691994
ola,-34.7333,135.8667,58.69,62,99,19.17,AU,1655691995
lar gerd,35.5219,46.176,74.62,24,0,6.49,IR,1655691995
soe,49.758,129.523,68.41,69,100,5.19,RU,1655691996
tautira,28.9383,53.6482,70.84,24,0,6.91,IR,1655691996
touros,23.8333,78.7167,78.62,77,94,10.76,IN,1655691996
yayva,51.064,-0.3272,53.46,80,0,8.05,GB,1655691996
dawei,22.6783,-3.9836,90.43,36,86,6.15,ML,1655691996
riyadh,-7.8447,-79.1469,59.54,84,25,6.08,PE,1655691997
lephepe,55.1667,-118.8027,62.78,67,75,12.66,CA,1655691997
oussouye,44.8333,-106.9173,57.58,82,100,11.5,US,1655691997
lanja,-6.2222,-57.7528,78.82,65,100,1.57,BR,1655691997
ilhabela,-0.4139,-65.0192,72.59,99,80,2.37,BR,1655691997
dvinskoy,39.4547,75.9797,69.01,40,20,2.24,CN,1655691998
luganville,43.3552,77.4525,67.42,35,5,2.84,KZ,1655691998
bur gabo,39.1855,27.6094,61.59,93,18,6.91,TR,1655691998
zhangye,-19.55,169.2667,75.24,71,93,14.41,VU,1655691998
rio grande,22.0833,82.15,81.18,73,100,5.37,IN,1655691707
cody,37.7167,-25.4333,63.19,78,93,13.8,PT,1655692000
marion,33.0833,-16.3333,63.82,72,40,14.97,PT,1655692000
edinet,-0.9131,122.8766,78.57,77,97,2.93,ID,1655692000
halalo,-42.7692,-65.0385,43.11,60,3,19.06,AR,1655692001
sohagpur,-32.25,148.6167,62.73,63,6,13.8,AU,1655691790
hede,62.0989,126.6992,79.7,35,4,3.42,RU,1655692001
martapura,20.2167,-87.4667,74.73,94,100,7.25,MX,1655692001
faya,-3.8278,-78.7594,64.42,99,22,1.43,EC,1655692002
prince rupert,9.6833,39.5333,52.25,70,86,1.66,ET,1655692002
antsohihy,-25.2986,152.8535,70.02,70,79,7,AU,1655692003
ulaangom,10.3744,10.7288,76.77,68,100,10.63,NG,1655692003
arlit,-3.9014,-38.3911,80.69,85,6,11.9,BR,1655692003
husavik,-28,153.4333,69.08,78,83,12.77,AU,1655692003
altamont,-34.6515,-59.4307,48.72,50,100,3.29,AR,1655692004
fort nelson,-24.7,44.75,57.18,94,0,5.44,MG,1655692004
adre,54.7804,-127.1743,68.32,32,20,14.97,CA,1655692004
sao joao da barra,8,98.25,84.42,79,40,5.75,TH,165569726
sao sebastiao,-18.5933,-39.7322,67.1,96,23,4.97,BR,1655692005
vanavara,-7.4706,-34.8086,75.79,86,10,9.19,BR,165569200
marzuq,53.0667,132.9667,72.63,46,11,1.95,RU,165569200
alexandria,-7.3817,108.2082,78.08,80,53,2.95,ID,1655692006
hobyo,45.5667,5.9333,68.5,70,0,2.3,FR,1655692007
maragogi,62.55,155.55,60.85,40,76,6.53,RU,1655692007
little current,-2.95,25.95,67.3,99,99,2.64,CD,1655692008
bangui,35.8333,66.1667,62.22,55,66,4.68,AF,1655692008
bardsir,44.3,86.0333,82.42,25,100,4.52,CN,1655692008
omagh,31.7167,-116.5667,68.11,73,0,1.01,MX,1655692008
abilene,-30.3833,153.1,66.22,68,40,11.5,AU,1655692008
namoloasa,37.4779,47.0508,61.93,73,0,4.18,IR,1655692009
port lincoln,56.8937,65.8938,66.52,84,62,5.3,RU,1655692009
marivan,50.2667,127.5333,63.21,100,75,4.47,RU,1655692010
burica,-7.6087,15.0613,57.42,97,87,2.57,AO,1655692010
shirokiy,35.7565,-83.9705,66.97,59,75,4.61,US,1655692010
fasa,37.8333,12.6667,67.8,88,0,5.75,IT,1655692010
sagar,48.9957,-64.3971,46.69,95,100,15.01,CA,1655692011
horsham,-3.2997,-60.6206,75.31,86,89,3.15,BR,1655692011
taoudenni,9.4515,18.9449,72.54,83,100,4.12,TD,1655692011
chicama,21.3069,-157.8583,82.13,64,20,17.27,US,1655691906
grande prairie,31.61,34.7642,66.25,100,0,1.3,IL,1655692011
sheridan,34.0014,131.1836,77.02,83,75,11.5,JP,1655692012
jacareacanga,8.0777,22.4007,65.05,98,100,3.83,CF,1655692012
santa isabel do rio negro,-6.3424,106.1045,81.66,71,6,1.32,ID,1655692012
kashi,10.6678,-63.2585,76.06,85,0,7.11,VE,1655692012
esik,52.4675,96.11,66.61,52,20,1.3,RU,1655692012
soma,15.1139,37.5928,71.49,66,100,6.13,ER,1655692013
isangel,-28.55,16.4333,53.96,61,35,12.12,NA,1655692013
yuzhno-yeniseyskiy,39.3558,-9.3811,61.43,75,100,20.62,PT,1655692013
bilaspur,-21.4167,25.5833,54.16,50,0,8.1,BW,1655692013
vila franca do campo,-45.8667,-67.5,39.06,60,0,14.97,AR,1655692014
camacha,48.4669,-81.3331,55.22,76,75,4.61,CA,1655692014
saryshagan,-21.3667,55.6167,62.98,78,57,13.44,RE,1655692014
biak,54.3663,71.7632,70.81,59,51,11.01,RU,1655692014
puerto madryn,-45.4167,167.7167,45.97,85,41,2.53,NZ,1655692015
dubbo,35.174,-79.3923,63.01,67,0,0,US,1655692015
berdigestyakh,55.3068,79.6802,63.16,82,85,5.03,RU,1655692015
fort saint john,6.4402,7.4943,71.73,96,54,3.89,NG,1655692015
tulum,56.1325,101.6142,68.49,61,95,6.11,RU,1655692015
yantzaza,42.1584,-72.3287,55.26,61,1,2.66,US,1655692016
debre birhan,5.9485,80.5353,79.83,82,82,8.01,LK,1655691903
toliary,20.0667,-89.05,73.54,98,98,4.5,MX,1655692016
hervey bay,-0.9,-89.6,70.34,91,95,12.66,EC,16556920
